810805219455
630905320240
630525562226
560323890850
800620169713
761109525845
640818469047
580719493149
550105516258
621204892604
640519429643
730227655382
930724950283
680120457295
530126447539
970706992492
681015444410
581111758280
790508411414
830912140849
621002578062
591226316327
510712189205
761115226864
501101683005
780311614935
500905421269
830915468702
630805941884
891211607741
960505322207
570902885843
630727462435
740817111749
700316984055
890309218753
900709639670
670725344631
560224536903
810126321734
980113659003
520619121532
661210455261
591018867005
540818610699
630912452332
980511833489
801128273685
700510161473
870708541525
500819815229
550228480270
511118630318
500828769512
680616474236
790111441487
920718856215
930715614899
561210552877
510120118063
630813121814
780402485454
780320110169
781223885604
910202262081
661218271178
860410314703
661223761697
890621369016
900406629202
890912722025
940818383349
621206514852
861219162151
511220893530
970119888588
531219167201
540402125216
591225236563
570401882664
880723679297
990109980599
900802746053
880205387699
851202560235
980813471814
610903301107
570305178145
761109132110
940104254841
981128443869
500617864015
590506113646
971206878115
661113886570
730109375932
600117971469
950223343699
630319325152
611213739960